#1
  double NormalDist(2101,2)   # Normal distributed random noise Mean=0 Sd=1
  0	-0.962472221
  0.033333333	0.210732779
  0.066666667	-1.179435223
  0.1	1.436891765
  0.133333333	0.694575136
  0.166666667	0.398098212
  0.2	-1.462441518
  0.233333333	0.139871722
  0.266666667	0.332141703
  0.3	0.319236367
  0.333333333	2.650533464
  0.366666667	1.577883257
  0.4	-1.696593313
  0.433333333	0.351533132
  0.466666667	0.695775677
  0.5	2.565813152
  0.533333333	-1.66473382
  0.566666667	-0.695887621
  0.6	-0.443229591
  0.633333333	0.61004786
  0.666666667	0.074659442
  0.7	1.949516978
  0.733333333	0.068815487
  0.766666667	0.536610574
  0.8	-0.310819421
  0.833333333	0.266521112
  0.866666667	-0.037843125
  0.9	2.617774684
  0.933333333	1.458839543
  0.966666667	-0.117508187
  1	-0.529367842
  1.033333333	0.193761608
  1.066666667	-0.465156267
  1.1	0.035272184
  1.133333333	0.333649473
  1.166666667	-0.360794012
  1.2	-1.468861713
  1.233333333	-0.877530222
  1.266666667	-1.578981012
  1.3	-2.110482831
  1.333333333	0.38649054
  1.366666667	-0.072909878
  1.4	-0.216639566
  1.433333333	1.118204493
  1.466666667	-0.013468049
  1.5	-1.323055636
  1.533333333	0.433239513
  1.566666667	0.521822675
  1.6	-0.721821475
  1.633333333	0.952829457
  1.666666667	0.337233795
  1.7	1.042522229
  1.733333333	-0.78245649
  1.766666667	-2.565987253
  1.8	0.256588306
  1.833333333	-0.14854977
  1.866666667	1.224338958
  1.9	0.707378935
  1.933333333	0.477500744
  1.966666667	0.211128841
  2	1.055162922
  2.033333333	0.872987412
  2.066666667	0.756959206
  2.1	-0.684313948
  2.133333333	-0.997101128
  2.166666667	-0.851088936
  2.2	-0.481853468
  2.233333333	-0.592590293
  2.266666667	0.146221918
  2.3	-0.149181943
  2.333333333	-0.390776985
  2.366666667	-1.49562236
  2.4	0.609889066
  2.433333333	1.037467093
  2.466666667	-1.516091053
  2.5	0.901763379
  2.533333333	-0.737348443
  2.566666667	-0.430520794
  2.6	-0.680364793
  2.633333333	1.740582128
  2.666666667	-1.040518959
  2.7	1.067772437
  2.733333333	-0.630197649
  2.766666667	0.054362214
  2.8	-0.28878722
  2.833333333	0.509771736
  2.866666667	0.175752827
  2.9	-0.639162412
  2.933333333	0.6522473
  2.966666667	0.955431309
  3	-0.067445378
  3.033333333	0.268960128
  3.066666667	0.021429059
  3.1	1.225242179
  3.133333333	-0.144724304
  3.166666667	-0.181137872
  3.2	0.471988607
  3.233333333	0.63212957
  3.266666667	-0.754019447
  3.3	0.007184909
  3.333333333	-0.693094789
  3.366666667	0.316399104
  3.4	-0.095473634
  3.433333333	0.52431193
  3.466666667	-0.470301331
  3.5	-1.862147436
  3.533333333	-1.492139658
  3.566666667	-0.18081002
  3.6	0.737328819
  3.633333333	-0.631548635
  3.666666667	1.015072055
  3.7	0.395845105
  3.733333333	0.380177272
  3.766666667	-2.759869214
  3.8	1.405527101
  3.833333333	0.600795243
  3.866666667	1.198215818
  3.9	0.0197664
  3.933333333	-1.331293805
  3.966666667	-1.766960388
  4	1.110056092
  4.033333333	-0.081608653
  4.066666667	-1.992012488
  4.1	1.228871957
  4.133333333	-1.906008414
  4.166666667	-0.75799528
  4.2	0.065121214
  4.233333333	0.026145672
  4.266666667	0.315872632
  4.3	-0.669986792
  4.333333333	-1.263672058
  4.366666667	1.826051833
  4.4	-2.2139969
  4.433333333	1.120464844
  4.466666667	2.012153971
  4.5	0.931711945
  4.533333333	-1.855485327
  4.566666667	-0.205339014
  4.6	0.725162001
  4.633333333	0.764406432
  4.666666667	-0.615968803
  4.7	0.384909575
  4.733333333	0.533075877
  4.766666667	0.063536123
  4.8	0.036793102
  4.833333333	0.683691471
  4.866666667	-2.050017404
  4.9	-0.724313107
  4.933333333	1.469212242
  4.966666667	-0.629934878
  5	0.268357271
  5.033333333	1.124010964
  5.066666667	0.326743761
  5.1	0.411771293
  5.133333333	-0.062663651
  5.166666667	1.319625423
  5.2	0.491280434
  5.233333333	1.101376736
  5.266666667	0.166046818
  5.3	1.475618265
  5.333333333	0.740142252
  5.366666667	0.325995621
  5.4	-0.972663919
  5.433333333	1.784112319
  5.466666667	-0.942823233
  5.5	-0.186185155
  5.533333333	-1.510539014
  5.566666667	-1.045775413
  5.6	0.124564108
  5.633333333	-2.00562838
  5.666666667	0.196957743
  5.7	-1.816328256
  5.733333333	-0.384792635
  5.766666667	-0.927850347
  5.8	-0.219936366
  5.833333333	0.833492822
  5.866666667	-0.452141791
  5.9	0.091955152
  5.933333333	-0.282679304
  5.966666667	0.228789534
  6	-0.180875107
  6.033333333	0.513915554
  6.066666667	-1.812999301
  6.1	-1.105097108
  6.133333333	-0.706002221
  6.166666667	-0.07155417
  6.2	-0.813310082
  6.233333333	0.078136235
  6.266666667	-1.031391723
  6.3	0.245005609
  6.333333333	0.847705675
  6.366666667	-0.003113878
  6.4	1.784818901
  6.433333333	0.334610499
  6.466666667	1.008048044
  6.5	-0.870947103
  6.533333333	-0.591540187
  6.566666667	-1.173265304
  6.6	0.490304441
  6.633333333	-0.274777642
  6.666666667	-0.205215578
  6.7	0.19586759
  6.733333333	-0.015611234
  6.766666667	-0.229116958
  6.8	2.198677767
  6.833333333	0.180982227
  6.866666667	0.292885418
  6.9	-1.858311427
  6.933333333	0.436651186
  6.966666667	0.500935306
  7	-0.22741027
  7.033333333	-2.186089519
  7.066666667	1.180494206
  7.1	-0.53666715
  7.133333333	-1.040881192
  7.166666667	-1.549490121
  7.2	0.718815928
  7.233333333	1.632353489
  7.266666667	-1.530229003
  7.3	-0.529892772
  7.333333333	-0.095474539
  7.366666667	-0.307490091
  7.4	0.543983889
  7.433333333	-0.313704601
  7.466666667	0.244221218
  7.5	1.211151628
  7.533333333	-1.088300638
  7.566666667	-0.915572839
  7.6	0.105562722
  7.633333333	0.118660347
  7.666666667	0.70577179
  7.7	-0.21108771
  7.733333333	0.030124354
  7.766666667	0.40726602
  7.8	0.655279779
  7.833333333	-1.328931202
  7.866666667	0.596892198
  7.9	-0.292683412
  7.933333333	0.771385997
  7.966666667	0.644621506
  8	-2.321270568
  8.033333333	1.796352847
  8.066666667	0.0946537
  8.1	1.034509125
  8.133333333	-0.345354983
  8.166666667	0.70837918
  8.2	-3.77955852
  8.233333333	-0.333147317
  8.266666667	0.620284022
  8.3	-0.165838685
  8.333333333	-1.330043385
  8.366666667	0.853853409
  8.4	-0.308271663
  8.433333333	-1.317126888
  8.466666667	-0.183885688
  8.5	0.650724377
  8.533333333	0.442771761
  8.566666667	0.347088975
  8.6	-1.466141032
  8.633333333	-1.716208645
  8.666666667	-0.138199005
  8.7	0.017548885
  8.733333333	-0.959120584
  8.766666667	-0.123944313
  8.8	-0.181815909
  8.833333333	0.881548804
  8.866666667	-0.002549341
  8.9	0.365151703
  8.933333333	0.477230113
  8.966666667	1.211278754
  9	-0.495467252
  9.033333333	1.144823403
  9.066666667	0.358842355
  9.1	-0.986016023
  9.133333333	1.790708996
  9.166666667	0.841095459
  9.2	-0.403247553
  9.233333333	0.342759972
  9.266666667	-0.729255198
  9.3	-1.606374376
  9.333333333	0.881441446
  9.366666667	-0.390789365
  9.4	1.560026643
  9.433333333	-0.720967973
  9.466666667	0.429833867
  9.5	-1.206112035
  9.533333333	1.064171839
  9.566666667	0.780495841
  9.6	0.212478686
  9.633333333	-0.627613882
  9.666666667	-0.681563811
  9.7	-1.53513647
  9.733333333	0.887833538
  9.766666667	-2.036333321
  9.8	-0.913673005
  9.833333333	-0.23811408
  9.866666667	0.219021914
  9.9	-2.125273565
  9.933333333	-0.122024521
  9.966666667	1.580446205
  10	0.320817461
  10.03333333	-1.320810677
  10.06666667	0.148494594
  10.1	-0.315971158
  10.13333333	-1.69250733
  10.16666667	-0.042324428
  10.2	-1.728491532
  10.23333333	-1.687060377
  10.26666667	0.205401183
  10.3	-1.747939698
  10.33333333	-0.425260474
  10.36666667	-0.918692099
  10.4	0.162390034
  10.43333333	0.129121723
  10.46666667	0.997955875
  10.5	-0.8443171
  10.53333333	0.366823778
  10.56666667	-0.186562705
  10.6	-1.479314245
  10.63333333	-1.193899647
  10.66666667	1.455270052
  10.7	0.808138657
  10.73333333	-0.217032416
  10.76666667	1.525363146
  10.8	-0.985734808
  10.83333333	0.227896764
  10.86666667	-0.413221304
  10.9	0.46067098
  10.93333333	-1.239908032
  10.96666667	0.394347972
  11	0.302845536
  11.03333333	0.258078914
  11.06666667	0.606619413
  11.1	0.329229997
  11.13333333	-0.137984041
  11.16666667	0.540645665
  11.2	-0.125328861
  11.23333333	-1.141113487
  11.26666667	-0.240716204
  11.3	-0.54173518
  11.33333333	-0.391442425
  11.36666667	0.262628323
  11.4	0.022628397
  11.43333333	0.340624314
  11.46666667	-1.087765137
  11.5	-1.680134491
  11.53333333	-0.098387964
  11.56666667	-0.652106317
  11.6	-0.418603681
  11.63333333	-0.104736079
  11.66666667	0.695791536
  11.7	-0.306788206
  11.73333333	0.22859003
  11.76666667	-0.825919945
  11.8	0.573363243
  11.83333333	-0.504211819
  11.86666667	-0.398295124
  11.9	-1.185329014
  11.93333333	-0.248598741
  11.96666667	-1.295478597
  12	1.191946978
  12.03333333	0.164835221
  12.06666667	-0.684196475
  12.1	0.424791551
  12.13333333	0.286951646
  12.16666667	-1.699881268
  12.2	-2.067322505
  12.23333333	1.945657094
  12.26666667	0.595182603
  12.3	-1.070717156
  12.33333333	-1.205170685
  12.36666667	1.691772752
  12.4	-0.304291753
  12.43333333	-0.396356497
  12.46666667	0.806367319
  12.5	0.416422256
  12.53333333	-0.908516434
  12.56666667	0.137256059
  12.6	1.436628405
  12.63333333	0.833942303
  12.66666667	-0.090046848
  12.7	0.047393811
  12.73333333	0.357774593
  12.76666667	1.001077503
  12.8	-1.95701877
  12.83333333	-0.237451338
  12.86666667	-0.511970221
  12.9	0.056292539
  12.93333333	2.030401899
  12.96666667	1.068920551
  13	-0.387237804
  13.03333333	-1.003012153
  13.06666667	-0.405654531
  13.1	-0.069474981
  13.13333333	-0.145581639
  13.16666667	0.140179753
  13.2	-0.84672628
  13.23333333	1.213204609
  13.26666667	-2.128980742
  13.3	-0.003991194
  13.33333333	0.622825977
  13.36666667	-0.426079266
  13.4	-1.013874866
  13.43333333	0.091090274
  13.46666667	0.394150718
  13.5	1.395869257
  13.53333333	-0.377522579
  13.56666667	1.056216742
  13.6	0.050257504
  13.63333333	0.280828449
  13.66666667	-0.449762877
  13.7	1.16588216
  13.73333333	-0.96454236
  13.76666667	-0.073969576
  13.8	-1.301877956
  13.83333333	1.356731961
  13.86666667	0.258186612
  13.9	-1.91211097
  13.93333333	-1.144998987
  13.96666667	-1.332204929
  14	-1.160576197
  14.03333333	0.50919202
  14.06666667	0.415541193
  14.1	1.011953256
  14.13333333	-1.119097273
  14.16666667	0.447819203
  14.2	-0.941786728
  14.23333333	-0.626538468
  14.26666667	1.16030753
  14.3	-0.970412453
  14.33333333	-0.439269947
  14.36666667	1.688757282
  14.4	0.112030555
  14.43333333	2.93280549
  14.46666667	0.162628156
  14.5	0.053259968
  14.53333333	1.552774035
  14.56666667	1.443902822
  14.6	-0.154310112
  14.63333333	-0.382678053
  14.66666667	-1.60864058
  14.7	-1.259338891
  14.73333333	-1.262071814
  14.76666667	0.437000167
  14.8	-0.179840064
  14.83333333	-0.302886562
  14.86666667	0.543069558
  14.9	-0.883997751
  14.93333333	1.049940729
  14.96666667	-0.705973696
  15	-0.828173628
  15.03333333	-1.389142815
  15.06666667	-0.495546045
  15.1	0.334717652
  15.13333333	0.022889426
  15.16666667	0.64645799
  15.2	-0.934683318
  15.23333333	0.154890608
  15.26666667	1.253081564
  15.3	0.430333581
  15.33333333	0.581325189
  15.36666667	-0.011452647
  15.4	-0.513217427
  15.43333333	-0.631326104
  15.46666667	0.573622815
  15.5	-2.377551368
  15.53333333	1.768574372
  15.56666667	-1.026276909
  15.6	-1.197651282
  15.63333333	2.21923571
  15.66666667	0.046912857
  15.7	0.020297828
  15.73333333	-1.37575172
  15.76666667	0.991693787
  15.8	-1.420974034
  15.83333333	-0.711347099
  15.86666667	-0.789270422
  15.9	1.137719238
  15.93333333	0.800908047
  15.96666667	-0.858261827
  16	-0.633021982
  16.03333333	1.09667892
  16.06666667	1.630914579
  16.1	-2.353791813
  16.13333333	1.230392987
  16.16666667	0.40069312
  16.2	-0.84985113
  16.23333333	-0.328848067
  16.26666667	0.153212186
  16.3	-0.559572566
  16.33333333	0.686639821
  16.36666667	-0.242922801
  16.4	-0.763229113
  16.43333333	0.602503414
  16.46666667	0.663451243
  16.5	-0.799349645
  16.53333333	0.72342207
  16.56666667	1.13416141
  16.6	-0.187416061
  16.63333333	0.03982924
  16.66666667	0.818809293
  16.7	-2.026375531
  16.73333333	0.239668215
  16.76666667	0.985677957
  16.8	-1.516555
  16.83333333	0.252316237
  16.86666667	2.312426201
  16.9	0.10129815
  16.93333333	-0.124366921
  16.96666667	0.441323923
  17	0.024505854
  17.03333333	1.135141902
  17.06666667	-0.528997589
  17.1	0.151875822
  17.13333333	-1.476976349
  17.16666667	0.735434298
  17.2	1.614542742
  17.23333333	1.482710446
  17.26666667	-0.705337539
  17.3	1.79051765
  17.33333333	1.163083534
  17.36666667	-1.208239144
  17.4	1.042593586
  17.43333333	0.472203719
  17.46666667	-0.75537487
  17.5	0.70884746
  17.53333333	-1.973993578
  17.56666667	0.605259917
  17.6	-0.352439717
  17.63333333	0.771999407
  17.66666667	-0.579126369
  17.7	0.931445099
  17.73333333	-1.392384083
  17.76666667	0.719761019
  17.8	-1.25223261
  17.83333333	-1.400786186
  17.86666667	1.954738349
  17.9	0.941117929
  17.93333333	-1.098181539
  17.96666667	0.051280361
  18	-0.103822797
  18.03333333	-0.396850638
  18.06666667	0.049600923
  18.1	-0.885600585
  18.13333333	-0.161883023
  18.16666667	-0.584484183
  18.2	-1.262766925
  18.23333333	0.452520532
  18.26666667	0.545718525
  18.3	1.055176112
  18.33333333	-1.66059366
  18.36666667	-1.679924335
  18.4	0.818760968
  18.43333333	1.349081981
  18.46666667	-0.793436286
  18.5	0.030828717
  18.53333333	0.955090298
  18.56666667	-1.315950518
  18.6	-0.27294004
  18.63333333	-1.615418609
  18.66666667	-0.143123006
  18.7	-0.374308757
  18.73333333	-0.044745505
  18.76666667	-1.444714816
  18.8	0.852584078
  18.83333333	0.301742224
  18.86666667	1.029687306
  18.9	-1.170303025
  18.93333333	-0.867271803
  18.96666667	0.491777727
  19	-0.542386857
  19.03333333	0.468851362
  19.06666667	-1.121650555
  19.1	-0.48887573
  19.13333333	-1.456560596
  19.16666667	-0.567953418
  19.2	-0.904886189
  19.23333333	0.276943236
  19.26666667	-0.720751721
  19.3	0.385775403
  19.33333333	1.172389927
  19.36666667	-1.264999493
  19.4	1.039213308
  19.43333333	0.590001315
  19.46666667	-0.372017115
  19.5	-0.478748908
  19.53333333	-0.111510684
  19.56666667	-0.900354238
  19.6	-0.546291679
  19.63333333	-2.063895773
  19.66666667	-1.316686744
  19.7	-0.812110185
  19.73333333	1.399967476
  19.76666667	1.025230575
  19.8	0.237288217
  19.83333333	-0.276606067
  19.86666667	0.485414973
  19.9	-0.480698899
  19.93333333	0.620996007
  19.96666667	1.488380623
  20	1.655133873
  20.03333333	-0.602931904
  20.06666667	-0.437848036
  20.1	0.685761009
  20.13333333	-0.242625709
  20.16666667	0.190033663
  20.2	0.679052487
  20.23333333	0.33518911
  20.26666667	0.206107813
  20.3	1.128842742
  20.33333333	0.27781163
  20.36666667	1.002745812
  20.4	0.472546928
  20.43333333	-1.243296558
  20.46666667	-0.361880289
  20.5	-1.08576102
  20.53333333	0.799229588
  20.56666667	0.11853819
  20.6	-1.249779348
  20.63333333	0.626502108
  20.66666667	2.107352336
  20.7	-1.30751839
  20.73333333	-0.623968713
  20.76666667	0.172477484
  20.8	0.266036499
  20.83333333	0.197566332
  20.86666667	-0.037368488
  20.9	0.166118382
  20.93333333	-0.46766666
  20.96666667	-1.052657673
  21	0.634223737
  21.03333333	1.817810576
  21.06666667	-1.234323873
  21.1	0.226842009
  21.13333333	-0.201930968
  21.16666667	0.642003604
  21.2	1.041554002
  21.23333333	0.816536884
  21.26666667	-0.001716405
  21.3	0.419687835
  21.33333333	-2.429618752
  21.36666667	0.19696622
  21.4	2.07524446
  21.43333333	1.350522055
  21.46666667	0.205566271
  21.5	1.249089478
  21.53333333	-1.02625944
  21.56666667	0.457560139
  21.6	0.357724901
  21.63333333	-0.630904339
  21.66666667	-0.147912422
  21.7	0.492102529
  21.73333333	0.807355913
  21.76666667	0.43372282
  21.8	0.832679448
  21.83333333	-0.882331086
  21.86666667	0.251978557
  21.9	-0.600622272
  21.93333333	-0.436920825
  21.96666667	1.673688139
  22	-0.082582083
  22.03333333	-2.495309629
  22.06666667	-0.615969026
  22.1	-1.394292376
  22.13333333	-0.358249258
  22.16666667	-0.215443236
  22.2	0.657684705
  22.23333333	-1.518566974
  22.26666667	1.259955399
  22.3	-0.297428838
  22.33333333	-0.903327108
  22.36666667	-0.625398562
  22.4	1.529643035
  22.43333333	-0.161136215
  22.46666667	-0.778520475
  22.5	1.049821966
  22.53333333	1.156527548
  22.56666667	-0.051605773
  22.6	0.384180236
  22.63333333	-0.427616977
  22.66666667	-0.847191694
  22.7	-1.525584245
  22.73333333	-1.817609186
  22.76666667	2.100886791
  22.8	-0.727884323
  22.83333333	-0.149653391
  22.86666667	-1.580260503
  22.9	1.279500209
  22.93333333	0.110483342
  22.96666667	0.113178992
  23	-0.443734141
  23.03333333	-0.278631039
  23.06666667	0.547819678
  23.1	0.74738245
  23.13333333	1.759704092
  23.16666667	-1.074699832
  23.2	0.376455969
  23.23333333	-0.945259497
  23.26666667	-1.258469303
  23.3	-0.615115226
  23.33333333	-2.12837738
  23.36666667	-0.530440654
  23.4	0.202147972
  23.43333333	1.358202929
  23.46666667	-0.135817139
  23.5	1.047194474
  23.53333333	2.148241069
  23.56666667	-0.666048839
  23.6	-2.705686463
  23.63333333	1.152145286
  23.66666667	0.403474535
  23.7	-0.027628841
  23.73333333	-1.100333652
  23.76666667	-0.375997171
  23.8	1.100880117
  23.83333333	-0.197590606
  23.86666667	1.107108447
  23.9	-0.097872729
  23.93333333	-0.056067416
  23.96666667	0.249859163
  24	-0.909029461
  24.03333333	0.552109676
  24.06666667	1.642881005
  24.1	1.281542567
  24.13333333	1.027005639
  24.16666667	0.456715563
  24.2	0.992812597
  24.23333333	-0.736658557
  24.26666667	0.840726035
  24.3	1.095141881
  24.33333333	0.675653568
  24.36666667	-0.850551368
  24.4	-0.536452861
  24.43333333	0.035887031
  24.46666667	1.363796851
  24.5	-0.237370861
  24.53333333	-0.351027036
  24.56666667	-0.485480719
  24.6	-0.986665181
  24.63333333	1.01201761
  24.66666667	-0.295537064
  24.7	-1.61424471
  24.73333333	0.515493989
  24.76666667	0.4506975
  24.8	0.163133031
  24.83333333	0.337010989
  24.86666667	0.714833712
  24.9	-0.649268522
  24.93333333	-1.144352011
  24.96666667	-0.296975197
  25	0.122518249
  25.03333333	0.670474372
  25.06666667	0.751717278
  25.1	-1.046115712
  25.13333333	0.411433121
  25.16666667	-0.886685493
  25.2	-0.689515073
  25.23333333	0.161225491
  25.26666667	0.373386196
  25.3	0.874187476
  25.33333333	-1.053212778
  25.36666667	1.588495076
  25.4	0.516619189
  25.43333333	-0.22843321
  25.46666667	-0.946520366
  25.5	1.16277848
  25.53333333	-0.202260036
  25.56666667	-0.257799633
  25.6	0.871914398
  25.63333333	-1.086613905
  25.66666667	0.814448177
  25.7	-0.544969094
  25.73333333	0.813364251
  25.76666667	-0.34233382
  25.8	-0.815899278
  25.83333333	0.655424278
  25.86666667	0.461773434
  25.9	0.740032335
  25.93333333	-0.81957639
  25.96666667	-2.435340136
  26	0.123791387
  26.03333333	-0.013713093
  26.06666667	1.028929148
  26.1	-0.388734271
  26.13333333	0.873789687
  26.16666667	0.880325374
  26.2	1.388615149
  26.23333333	0.100806156
  26.26666667	0.509487687
  26.3	-0.110029483
  26.33333333	0.139735258
  26.36666667	-0.697234853
  26.4	0.372369757
  26.43333333	-0.868760401
  26.46666667	2.225503325
  26.5	0.022359151
  26.53333333	-1.78858665
  26.56666667	-1.410056647
  26.6	-1.044063068
  26.63333333	1.227238117
  26.66666667	-0.0724539
  26.7	-0.439405738
  26.73333333	0.846604854
  26.76666667	-0.386887758
  26.8	-1.250302496
  26.83333333	-0.878332419
  26.86666667	-0.783593251
  26.9	0.23121568
  26.93333333	-1.979175334
  26.96666667	-1.714377303
  27	1.327692433
  27.03333333	1.025387176
  27.06666667	0.907394048
  27.1	-1.045625727
  27.13333333	0.59128995
  27.16666667	1.855165427
  27.2	-0.694612421
  27.23333333	0.668040451
  27.26666667	0.415499377
  27.3	0.552084928
  27.33333333	0.230211094
  27.36666667	0.392840874
  27.4	0.929109911
  27.43333333	-0.603621635
  27.46666667	1.84764125
  27.5	-0.165966668
  27.53333333	-0.762387117
  27.56666667	-0.671941227
  27.6	-1.066380231
  27.63333333	-0.746641317
  27.66666667	-0.050433672
  27.7	-0.91778608
  27.73333333	1.546506423
  27.76666667	0.288492656
  27.8	0.175263154
  27.83333333	-0.530726917
  27.86666667	0.875118057
  27.9	-0.92291626
  27.93333333	0.468079842
  27.96666667	-0.21414627
  28	-0.343777707
  28.03333333	0.12867209
  28.06666667	-0.172801961
  28.1	1.192206388
  28.13333333	-1.616179489
  28.16666667	0.398828782
  28.2	-0.152958634
  28.23333333	-1.267645814
  28.26666667	1.022804906
  28.3	0.22977021
  28.33333333	1.179235563
  28.36666667	1.052077437
  28.4	1.486276664
  28.43333333	-0.900140769
  28.46666667	-0.599263203
  28.5	-0.546114312
  28.53333333	0.324401917
  28.56666667	1.014873138
  28.6	1.227833491
  28.63333333	1.573699584
  28.66666667	0.30200334
  28.7	0.481181447
  28.73333333	0.499029151
  28.76666667	-1.623671023
  28.8	0.311041943
  28.83333333	-0.789251045
  28.86666667	-0.26623519
  28.9	-1.780507662
  28.93333333	0.700183266
  28.96666667	-0.590706183
  29	-1.858859296
  29.03333333	1.624050032
  29.06666667	-1.017868669
  29.1	-1.088682785
  29.13333333	0.232566718
  29.16666667	0.950637412
  29.2	-0.997431483
  29.23333333	-0.262428034
  29.26666667	0.351252934
  29.3	0.526380284
  29.33333333	-0.866729198
  29.36666667	-0.256411196
  29.4	0.417823404
  29.43333333	-0.626311921
  29.46666667	0.734233195
  29.5	1.316657703
  29.53333333	-0.126226847
  29.56666667	-2.603007151
  29.6	0.03759023
  29.63333333	-0.859443214
  29.66666667	-1.246697559
  29.7	-0.651891033
  29.73333333	1.187271192
  29.76666667	-0.390820852
  29.8	-0.384703133
  29.83333333	-2.632342102
  29.86666667	-0.395868918
  29.9	1.85890566
  29.93333333	-1.178974357
  29.96666667	0.705021715
  30	-1.11497721
  30.03333333	0.653762723
  30.06666667	0.412596058
  30.1	-0.404251603
  30.13333333	0.670578849
  30.16666667	0.515762302
  30.2	0.156138306
  30.23333333	-0.661118938
  30.26666667	0.717943109
  30.3	-1.719757947
  30.33333333	0.197248069
  30.36666667	-1.013935942
  30.4	0.465395346
  30.43333333	-2.096802769
  30.46666667	-1.381611641
  30.5	1.807548577
  30.53333333	-0.618270878
  30.56666667	0.351506729
  30.6	1.43656706
  30.63333333	-0.39460797
  30.66666667	-0.679248533
  30.7	-0.168673336
  30.73333333	-0.675694297
  30.76666667	0.971391879
  30.8	0.133310143
  30.83333333	0.892890515
  30.86666667	-0.478747605
  30.9	-0.759056913
  30.93333333	0.79468448
  30.96666667	-0.872066523
  31	-0.235720053
  31.03333333	-0.881063744
  31.06666667	0.885983575
  31.1	0.886559875
  31.13333333	-0.157849616
  31.16666667	-0.562299409
  31.2	0.710394894
  31.23333333	0.352578725
  31.26666667	-1.5423524
  31.3	-0.185410724
  31.33333333	0.512799194
  31.36666667	-0.42095665
  31.4	-0.59128369
  31.43333333	-0.75065402
  31.46666667	0.07498483
  31.5	-0.241188472
  31.53333333	0.789813938
  31.56666667	1.353820302
  31.6	1.586177729
  31.63333333	0.282405598
  31.66666667	1.518839564
  31.7	-0.897984434
  31.73333333	0.238564393
  31.76666667	-0.200008679
  31.8	-0.099629183
  31.83333333	-0.710769924
  31.86666667	-0.198706963
  31.9	1.595217554
  31.93333333	0.321674303
  31.96666667	1.479080985
  32	-1.816829445
  32.03333333	-1.408732487
  32.06666667	1.290872516
  32.1	0.25885674
  32.13333333	0.684807533
  32.16666667	-0.817208204
  32.2	-1.16538179
  32.23333333	-1.338749809
  32.26666667	-0.00933908
  32.3	-1.136162357
  32.33333333	1.105933022
  32.36666667	-1.108453287
  32.4	-0.702022073
  32.43333333	0.893430425
  32.46666667	-0.996994931
  32.5	-0.23025532
  32.53333333	-0.021794557
  32.56666667	0.626651894
  32.6	1.484146576
  32.63333333	-0.621586964
  32.66666667	-0.94523892
  32.7	-1.017228658
  32.73333333	1.26632221
  32.76666667	-1.76819496
  32.8	0.405401065
  32.83333333	0.50693192
  32.86666667	1.305062409
  32.9	0.817743902
  32.93333333	-0.796859899
  32.96666667	0.011688417
  33	-0.249448185
  33.03333333	0.049979595
  33.06666667	-0.353396305
  33.1	-0.186522967
  33.13333333	-0.2343685
  33.16666667	-0.178405842
  33.2	-1.292862087
  33.23333333	0.13216802
  33.26666667	-0.667018482
  33.3	1.407961304
  33.33333333	-0.687178878
  33.36666667	-0.974937958
  33.4	-1.687992784
  33.43333333	0.09586167
  33.46666667	-0.933857682
  33.5	-2.626151824
  33.53333333	0.574442286
  33.56666667	-0.867380838
  33.6	0.08848977
  33.63333333	0.152726725
  33.66666667	-0.986201755
  33.7	0.776863645
  33.73333333	0.83003268
  33.76666667	-1.030135507
  33.8	-0.052250149
  33.83333333	0.782756777
  33.86666667	-1.32832214
  33.9	-3.108800799
  33.93333333	-0.181395499
  33.96666667	-0.925010807
  34	-0.553138134
  34.03333333	-0.30331195
  34.06666667	0.84928818
  34.1	0.068879909
  34.13333333	0.455571815
  34.16666667	-1.279851975
  34.2	-0.965399977
  34.23333333	0.064843166
  34.26666667	0.58088158
  34.3	-0.635823771
  34.33333333	0.849323396
  34.36666667	0.552314761
  34.4	0.180373164
  34.43333333	-0.861579733
  34.46666667	0.501203244
  34.5	-0.491101917
  34.53333333	0.087406559
  34.56666667	0.513065906
  34.6	0.023928602
  34.63333333	-0.308460719
  34.66666667	0.149136033
  34.7	-1.907989202
  34.73333333	-1.131659106
  34.76666667	0.588362628
  34.8	-0.438752467
  34.83333333	0.01575712
  34.86666667	0.851662956
  34.9	0.586569254
  34.93333333	-0.053330546
  34.96666667	-0.520737425
  35	0.266048455
  35.03333333	-0.151393335
  35.06666667	0.393958418
  35.1	-0.222075017
  35.13333333	1.112750869
  35.16666667	-0.141644835
  35.2	0.894278709
  35.23333333	-0.54989051
  35.26666667	0.035242586
  35.3	1.410335464
  35.33333333	-1.935370418
  35.36666667	0.58534268
  35.4	0.168088838
  35.43333333	-0.38033161
  35.46666667	0.403015306
  35.5	0.006676723
  35.53333333	0.388611225
  35.56666667	-1.69520869
  35.6	0.296713806
  35.63333333	0.839911236
  35.66666667	1.029131137
  35.7	1.605813094
  35.73333333	-0.903405222
  35.76666667	0.367114697
  35.8	-0.449287348
  35.83333333	1.44749707
  35.86666667	-2.017856249
  35.9	0.29724731
  35.93333333	0.692084116
  35.96666667	-0.627269346
  36	0.313987977
  36.03333333	-0.256962023
  36.06666667	0.441604045
  36.1	1.714357199
  36.13333333	0.098814578
  36.16666667	1.012737256
  36.2	-0.039705112
  36.23333333	0.472610291
  36.26666667	0.833444272
  36.3	0.267112554
  36.33333333	-0.366818651
  36.36666667	-0.470086235
  36.4	-0.120346486
  36.43333333	-0.626563458
  36.46666667	-0.900074198
  36.5	-2.624243788
  36.53333333	-0.340574616
  36.56666667	0.057325449
  36.6	-0.811630526
  36.63333333	-0.311890957
  36.66666667	-0.872512546
  36.7	-0.267238619
  36.73333333	-0.101235048
  36.76666667	0.251211425
  36.8	-0.91960882
  36.83333333	0.645005198
  36.86666667	-0.917050637
  36.9	0.111588119
  36.93333333	-2.241347091
  36.96666667	0.458139402
  37	-0.340616259
  37.03333333	-1.070281305
  37.06666667	-0.178217538
  37.1	1.191107527
  37.13333333	-0.666478859
  37.16666667	-0.047424958
  37.2	0.572992267
  37.23333333	-1.068413018
  37.26666667	-2.327452716
  37.3	-1.111615804
  37.33333333	-0.220882598
  37.36666667	0.919120692
  37.4	0.256650505
  37.43333333	-0.781221306
  37.46666667	0.24719521
  37.5	-1.979205414
  37.53333333	1.597787991
  37.56666667	0.320934079
  37.6	0.873462017
  37.63333333	-0.852674847
  37.66666667	-0.816100413
  37.7	-0.185394377
  37.73333333	0.554827273
  37.76666667	-1.526783599
  37.8	0.801110759
  37.83333333	-0.204147179
  37.86666667	0.100547986
  37.9	-1.466476227
  37.93333333	-0.306484742
  37.96666667	-0.574767994
  38	0.489015044
  38.03333333	1.936043411
  38.06666667	0.329900823
  38.1	0.448900645
  38.13333333	-0.921385841
  38.16666667	1.306002888
  38.2	1.088571017
  38.23333333	0.37231522
  38.26666667	0.722238036
  38.3	1.089602816
  38.33333333	1.276898188
  38.36666667	-0.695307844
  38.4	0.094691262
  38.43333333	-1.12120757
  38.46666667	-0.303830274
  38.5	1.436991957
  38.53333333	0.389707911
  38.56666667	-0.762993401
  38.6	-0.030318187
  38.63333333	-0.707821141
  38.66666667	0.357371985
  38.7	0.631803449
  38.73333333	-0.29764719
  38.76666667	0.624794281
  38.8	-0.612835599
  38.83333333	0.997316777
  38.86666667	0.64830387
  38.9	-1.100956296
  38.93333333	-0.865138036
  38.96666667	-1.537145998
  39	-0.130784866
  39.03333333	-1.805700613
  39.06666667	1.25624919
  39.1	-0.278546927
  39.13333333	1.227960642
  39.16666667	1.727982116
  39.2	0.73992871
  39.23333333	-1.019627206
  39.26666667	-0.700945677
  39.3	-1.336882638
  39.33333333	-1.29167193
  39.36666667	0.501729865
  39.4	0.3668245
  39.43333333	-1.090986549
  39.46666667	-1.106871358
  39.5	1.092537056
  39.53333333	1.13011687
  39.56666667	0.997561904
  39.6	1.587049619
  39.63333333	0.927100532
  39.66666667	1.105921993
  39.7	1.450010492
  39.73333333	0.377912719
  39.76666667	0.435493298
  39.8	0.924324473
  39.83333333	2.14394332
  39.86666667	-0.113216759
  39.9	-1.029627181
  39.93333333	-0.249301748
  39.96666667	0.701037383
  40	0.420466433
  40.03333333	-0.36863793
  40.06666667	-0.265961575
  40.1	0.860203084
  40.13333333	0.317448269
  40.16666667	0.448122896
  40.2	0.14183551
  40.23333333	-1.543773959
  40.26666667	0.370556892
  40.3	0.381349013
  40.33333333	0.91554136
  40.36666667	0.490902995
  40.4	0.401696991
  40.43333333	0.17721897
  40.46666667	1.040577378
  40.5	-0.646425238
  40.53333333	-1.070872333
  40.56666667	0.071029172
  40.6	-0.15457721
  40.63333333	0.492852225
  40.66666667	-0.78197151
  40.7	1.334793732
  40.73333333	0.805184653
  40.76666667	0.135639649
  40.8	1.766573327
  40.83333333	1.290623016
  40.86666667	1.015074202
  40.9	-0.178584022
  40.93333333	-0.563397736
  40.96666667	-0.477145072
  41	1.561749165
  41.03333333	0.863262497
  41.06666667	0.374520861
  41.1	0.623537193
  41.13333333	-1.048776174
  41.16666667	-1.456813205
  41.2	0.094768109
  41.23333333	-1.229860373
  41.26666667	-0.660906687
  41.3	-0.012787508
  41.33333333	0.963243797
  41.36666667	1.167713709
  41.4	-1.359211684
  41.43333333	1.597805193
  41.46666667	0.039069786
  41.5	-0.514920093
  41.53333333	-1.639965306
  41.56666667	1.117686107
  41.6	0.672643651
  41.63333333	0.554587978
  41.66666667	1.304993965
  41.7	-0.5898608
  41.73333333	-0.371520105
  41.76666667	-0.346323663
  41.8	-1.088823884
  41.83333333	-0.246067116
  41.86666667	-1.095207545
  41.9	-0.430183724
  41.93333333	-1.141081389
  41.96666667	-1.702550901
  42	1.289769124
  42.03333333	-1.163240432
  42.06666667	-2.324736144
  42.1	-0.666408537
  42.13333333	-0.004886676
  42.16666667	0.229112069
  42.2	-1.650215876
  42.23333333	0.151215414
  42.26666667	-0.382377291
  42.3	-0.18785957
  42.33333333	-0.28408088
  42.36666667	0.026633998
  42.4	-0.2790956
  42.43333333	-0.658556358
  42.46666667	2.05505946
  42.5	-0.366542015
  42.53333333	-1.034474436
  42.56666667	0.972661223
  42.6	-0.172338264
  42.63333333	-1.839090858
  42.66666667	-0.938595663
  42.7	0.088372247
  42.73333333	1.081482343
  42.76666667	0.803743918
  42.8	0.90997117
  42.83333333	-0.508759284
  42.86666667	-1.362816135
  42.9	-1.838958496
  42.93333333	0.099544128
  42.96666667	-0.392996585
  43	0.51707015
  43.03333333	-0.833583847
  43.06666667	0.41829417
  43.1	0.091163633
  43.13333333	-0.668707158
  43.16666667	0.281509572
  43.2	-1.689479767
  43.23333333	2.377276238
  43.26666667	-0.611959544
  43.3	0.254844237
  43.33333333	2.475197653
  43.36666667	0.65288355
  43.4	-0.120360912
  43.43333333	0.011489631
  43.46666667	0.65105346
  43.5	-1.460549727
  43.53333333	-0.151554033
  43.56666667	0.063044673
  43.6	0.002660165
  43.63333333	-0.02571655
  43.66666667	-0.557200198
  43.7	-0.960973056
  43.73333333	0.406909748
  43.76666667	0.072896462
  43.8	-1.132853993
  43.83333333	0.577079315
  43.86666667	-1.797438784
  43.9	-0.280966959
  43.93333333	-0.08264571
  43.96666667	-0.482448254
  44	1.687074779
  44.03333333	-0.314460621
  44.06666667	-1.841647485
  44.1	-0.177177595
  44.13333333	-1.525548387
  44.16666667	-0.116749126
  44.2	1.508003922
  44.23333333	0.592276862
  44.26666667	-0.565117405
  44.3	0.031225978
  44.33333333	-0.303582895
  44.36666667	-0.259606212
  44.4	-1.915695761
  44.43333333	0.0263683
  44.46666667	-0.621925538
  44.5	0.245777258
  44.53333333	1.067431456
  44.56666667	-0.865034826
  44.6	0.180620423
  44.63333333	1.441357536
  44.66666667	-0.936212444
  44.7	-0.940310717
  44.73333333	0.010503709
  44.76666667	0.372227382
  44.8	0.379674388
  44.83333333	0.650762143
  44.86666667	0.355330609
  44.9	-2.114235294
  44.93333333	-0.846364353
  44.96666667	-1.261536892
  45	0.733257542
  45.03333333	-0.721431948
  45.06666667	0.555735089
  45.1	-0.987103219
  45.13333333	-0.052482693
  45.16666667	-0.046871043
  45.2	-1.226699512
  45.23333333	-0.23858586
  45.26666667	0.621414549
  45.3	-1.238272399
  45.33333333	-0.291744008
  45.36666667	0.113066552
  45.4	1.502116555
  45.43333333	0.240484538
  45.46666667	2.22702319
  45.5	-1.023657321
  45.53333333	-0.745694494
  45.56666667	0.328707427
  45.6	-1.808750908
  45.63333333	1.387059682
  45.66666667	0.825833699
  45.7	-0.559651455
  45.73333333	1.171043128
  45.76666667	1.201016304
  45.8	0.055400667
  45.83333333	-0.081370087
  45.86666667	0.761316088
  45.9	0.480313328
  45.93333333	1.09537664
  45.96666667	0.705976282
  46	0.608996958
  46.03333333	-0.38662601
  46.06666667	-0.078729047
  46.1	0.954605439
  46.13333333	1.294679657
  46.16666667	0.647062035
  46.2	0.677779403
  46.23333333	-0.297717857
  46.26666667	-1.000790675
  46.3	-0.688967683
  46.33333333	1.083165555
  46.36666667	-2.302139863
  46.4	0.374446298
  46.43333333	1.065165088
  46.46666667	0.245667888
  46.5	-0.519941386
  46.53333333	-1.036936728
  46.56666667	0.916067961
  46.6	0.927353694
  46.63333333	0.371204932
  46.66666667	1.274918716
  46.7	-0.351097327
  46.73333333	-0.712187269
  46.76666667	1.291721743
  46.8	-1.527076965
  46.83333333	0.999128049
  46.86666667	0.143735866
  46.9	2.94088204
  46.93333333	-0.42123135
  46.96666667	-0.96113746
  47	0.063423579
  47.03333333	-0.321379323
  47.06666667	0.595250463
  47.1	-0.954552181
  47.13333333	0.118044208
  47.16666667	-0.44435941
  47.2	-0.247585444
  47.23333333	-1.314500434
  47.26666667	0.058205887
  47.3	0.131105516
  47.33333333	0.706163907
  47.36666667	1.150356019
  47.4	2.067430014
  47.43333333	-0.583408522
  47.46666667	1.385912283
  47.5	-0.929397616
  47.53333333	2.37151273
  47.56666667	-1.515340587
  47.6	0.077916148
  47.63333333	-1.395994049
  47.66666667	1.265959329
  47.7	-0.137856598
  47.73333333	0.337917472
  47.76666667	0.812958114
  47.8	-0.381367512
  47.83333333	-1.33450302
  47.86666667	-0.119574244
  47.9	0.835931735
  47.93333333	0.490630677
  47.96666667	0.198482356
  48	-1.163215132
  48.03333333	0.255766454
  48.06666667	-1.404033597
  48.1	1.914026331
  48.13333333	-0.891354521
  48.16666667	1.355939353
  48.2	-1.694942816
  48.23333333	-0.773743212
  48.26666667	0.437105485
  48.3	0.110573091
  48.33333333	-1.154018865
  48.36666667	0.198015385
  48.4	-0.80134926
  48.43333333	1.360794998
  48.46666667	0.569131949
  48.5	0.831961996
  48.53333333	-0.281258382
  48.56666667	-0.013981306
  48.6	0.738482691
  48.63333333	1.224847158
  48.66666667	-1.092707063
  48.7	1.110241522
  48.73333333	0.524475008
  48.76666667	1.250434357
  48.8	0.046765853
  48.83333333	-1.02084476
  48.86666667	1.320061247
  48.9	2.290058993
  48.93333333	-0.348318771
  48.96666667	-0.236482615
  49	0.0355359
  49.03333333	0.98711923
  49.06666667	-0.955486999
  49.1	0.270315752
  49.13333333	1.690351733
  49.16666667	0.340747239
  49.2	-0.372939275
  49.23333333	2.259860022
  49.26666667	0.20129925
  49.3	-0.686632409
  49.33333333	0.390254037
  49.36666667	-0.351288135
  49.4	0.082230974
  49.43333333	-0.23415994
  49.46666667	0.524352626
  49.5	1.250199752
  49.53333333	2.795534023
  49.56666667	0.049305915
  49.6	0.47823887
  49.63333333	-0.40065091
  49.66666667	0.557586024
  49.7	0.832601162
  49.73333333	-1.386629328
  49.76666667	-1.756676308
  49.8	-0.79919926
  49.83333333	-0.527700321
  49.86666667	-1.369492361
  49.9	-0.010629255
  49.93333333	0.577187369
  49.96666667	1.831715234
  50	0.431394116
  50.03333333	0.905360047
  50.06666667	2.228243612
  50.1	0.695961455
  50.13333333	-0.758739532
  50.16666667	-0.413231381
  50.2	-0.037159717
  50.23333333	-0.503199658
  50.26666667	0.753265044
  50.3	0.121690292
  50.33333333	-0.450883489
  50.36666667	0.109316632
  50.4	0.846052128
  50.43333333	0.020522655
  50.46666667	1.655337299
  50.5	0.931475687
  50.53333333	-1.403554916
  50.56666667	-0.136967434
  50.6	0.034363853
  50.63333333	0.333727424
  50.66666667	0.438092541
  50.7	0.945502857
  50.73333333	0.329770487
  50.76666667	-1.091765637
  50.8	0.90742409
  50.83333333	-0.953808317
  50.86666667	-1.968814775
  50.9	2.111800538
  50.93333333	-0.026806071
  50.96666667	0.979054737
  51	0.612324725
  51.03333333	0.105269267
  51.06666667	1.115338253
  51.1	0.172146496
  51.13333333	0.688349835
  51.16666667	0.535912241
  51.2	-1.051325967
  51.23333333	1.330759741
  51.26666667	0.392226597
  51.3	-0.735260452
  51.33333333	-1.193723777
  51.36666667	-1.017543701
  51.4	-2.83604039
  51.43333333	-2.143310625
  51.46666667	0.335497684
  51.5	-1.086461457
  51.53333333	-0.131073363
  51.56666667	1.171884496
  51.6	-0.313795133
  51.63333333	0.792468058
  51.66666667	-2.345834049
  51.7	0.707776835
  51.73333333	-1.461793705
  51.76666667	0.646649414
  51.8	-0.159011732
  51.83333333	-0.364805647
  51.86666667	1.168850946
  51.9	0.057627162
  51.93333333	-0.31480955
  51.96666667	-0.383271871
  52	-1.33603884
  52.03333333	-2.508963167
  52.06666667	-0.559043411
  52.1	-0.789521389
  52.13333333	0.103786235
  52.16666667	1.144837773
  52.2	-0.049882622
  52.23333333	0.476997935
  52.26666667	-0.05721634
  52.3	-1.92572979
  52.33333333	0.235403365
  52.36666667	2.520981089
  52.4	0.400613305
  52.43333333	0.311427892
  52.46666667	-0.556887022
  52.5	0.78587991
  52.53333333	0.855299876
  52.56666667	-0.551218372
  52.6	0.034477468
  52.63333333	-0.688453327
  52.66666667	0.203644361
  52.7	0.659214448
  52.73333333	-0.278640635
  52.76666667	-1.513055386
  52.8	-0.076713762
  52.83333333	-0.063116399
  52.86666667	-0.359824648
  52.9	-0.311360653
  52.93333333	-0.200678226
  52.96666667	-1.147656599
  53	0.781549336
  53.03333333	-1.072851417
  53.06666667	2.213698341
  53.1	-0.486258299
  53.13333333	0.485338082
  53.16666667	-0.381817617
  53.2	0.700209588
  53.23333333	0.079421525
  53.26666667	0.000450302
  53.3	0.272478498
  53.33333333	0.590218681
  53.36666667	-0.923386426
  53.4	-0.918615319
  53.43333333	0.585985721
  53.46666667	0.166527641
  53.5	0.086071349
  53.53333333	-0.435569931
  53.56666667	0.534718904
  53.6	0.607986796
  53.63333333	-0.957931876
  53.66666667	0.774076663
  53.7	0.037968172
  53.73333333	-0.698010633
  53.76666667	1.742500921
  53.8	1.560677712
  53.83333333	-1.299366597
  53.86666667	0.909546974
  53.9	0.523880516
  53.93333333	-0.322121317
  53.96666667	-0.114318852
  54	-1.425852216
  54.03333333	-0.534775423
  54.06666667	0.836390647
  54.1	-0.008361042
  54.13333333	-0.079740214
  54.16666667	-0.17859274
  54.2	0.66849172
  54.23333333	0.813492865
  54.26666667	0.913628714
  54.3	1.07648516
  54.33333333	-0.8091507
  54.36666667	-0.873768477
  54.4	1.05142298
  54.43333333	0.812388231
  54.46666667	-1.116001003
  54.5	-1.449189984
  54.53333333	0.844028074
  54.56666667	-1.491068908
  54.6	1.572186305
  54.63333333	-0.104920153
  54.66666667	-0.922359406
  54.7	0.625936264
  54.73333333	-0.204607607
  54.76666667	-0.451821084
  54.8	-0.903705845
  54.83333333	1.241898533
  54.86666667	-0.988331265
  54.9	0.766666066
  54.93333333	0.02495592
  54.96666667	0.648142826
  55	1.684993471
  55.03333333	0.795103401
  55.06666667	-1.975263408
  55.1	0.653800918
  55.13333333	0.557759801
  55.16666667	-0.264948927
  55.2	2.750242592
  55.23333333	0.501668518
  55.26666667	0.715988839
  55.3	0.580493076
  55.33333333	2.452439728
  55.36666667	0.15712431
  55.4	-1.429332528
  55.43333333	-0.848089545
  55.46666667	-1.852395549
  55.5	-1.146751696
  55.53333333	0.26712282
  55.56666667	0.644538971
  55.6	-1.39487464
  55.63333333	-0.919747829
  55.66666667	1.285887926
  55.7	0.27637749
  55.73333333	0.61163658
  55.76666667	1.329687444
  55.8	0.632692477
  55.83333333	-0.218594991
  55.86666667	1.058487068
  55.9	0.380015991
  55.93333333	-0.183507099
  55.96666667	0.267103138
  56	-0.526952103
  56.03333333	1.583553608
  56.06666667	-0.618341029
  56.1	-0.479209495
  56.13333333	-2.245124096
  56.16666667	-0.563350283
  56.2	-0.686524926
  56.23333333	1.981397835
  56.26666667	0.119451951
  56.3	0.101727486
  56.33333333	0.238074213
  56.36666667	-0.057208914
  56.4	0.472194318
  56.43333333	1.527742051
  56.46666667	-0.710188312
  56.5	0.190259292
  56.53333333	0.103902628
  56.56666667	-0.120357457
  56.6	-0.05140261
  56.63333333	-0.253535634
  56.66666667	-1.903877189
  56.7	0.657595592
  56.73333333	1.664291171
  56.76666667	1.262824967
  56.8	-1.551202783
  56.83333333	1.850105905
  56.86666667	0.098853338
  56.9	-0.612429336
  56.93333333	-0.732288619
  56.96666667	-0.947368278
  57	0.428180573
  57.03333333	1.452390199
  57.06666667	-0.035501335
  57.1	0.874969265
  57.13333333	1.270633533
  57.16666667	0.87451115
  57.2	0.585648001
  57.23333333	-0.907085808
  57.26666667	-1.074008544
  57.3	0.464224166
  57.33333333	-1.661437121
  57.36666667	-0.947537195
  57.4	0.350925732
  57.43333333	-0.669000919
  57.46666667	0.0083869
  57.5	-2.340547242
  57.53333333	-0.814642144
  57.56666667	0.147134403
  57.6	-1.115555858
  57.63333333	1.621020371
  57.66666667	0.54336889
  57.7	0.313309289
  57.73333333	2.993353729
  57.76666667	0.629953878
  57.8	-0.458844626
  57.83333333	1.435683134
  57.86666667	-0.718740495
  57.9	-0.918120313
  57.93333333	-0.293400778
  57.96666667	-0.699732971
  58	-0.761031505
  58.03333333	0.242625518
  58.06666667	0.94431395
  58.1	0.027691032
  58.13333333	0.718420222
  58.16666667	0.638331247
  58.2	-0.425106355
  58.23333333	0.925824686
  58.26666667	0.332780692
  58.3	0.122184482
  58.33333333	1.286957164
  58.36666667	-1.206692388
  58.4	-0.742941142
  58.43333333	0.55612846
  58.46666667	1.445768533
  58.5	0.065087132
  58.53333333	-1.431123121
  58.56666667	1.161219639
  58.6	0.717160851
  58.63333333	-0.616090195
  58.66666667	-0.200903996
  58.7	-0.400238058
  58.73333333	-0.645393233
  58.76666667	-0.898038515
  58.8	0.024351562
  58.83333333	-1.027890179
  58.86666667	0.590709953
  58.9	-0.229894008
  58.93333333	0.089228259
  58.96666667	-1.445380711
  59	0.052471796
  59.03333333	1.799429013
  59.06666667	-0.635586116
  59.1	0.184975087
  59.13333333	1.436349099
  59.16666667	-0.968911799
  59.2	1.051626113
  59.23333333	0.120735055
  59.26666667	-1.844054416
  59.3	-0.002508928
  59.33333333	0.50359264
  59.36666667	-1.46549676
  59.4	-0.013716476
  59.43333333	-1.56533368
  59.46666667	1.121202915
  59.5	-1.166523733
  59.53333333	0.889912878
  59.56666667	0.920106688
  59.6	-0.408984399
  59.63333333	1.042299011
  59.66666667	0.671610676
  59.7	1.436685516
  59.73333333	0.97762193
  59.76666667	-1.287007899
  59.8	1.219585762
  59.83333333	0.179933511
  59.86666667	-0.944900586
  59.9	-0.876281691
  59.93333333	1.276398643
  59.96666667	0.289417942
  60	-1.9949011
  60.03333333	-1.550979612
  60.06666667	-1.360095483
  60.1	-0.594207144
  60.13333333	-1.516592689
  60.16666667	2.538923038
  60.2	1.034618449
  60.23333333	-1.333684405
  60.26666667	-0.659884742
  60.3	0.765563467
  60.33333333	1.098764319
  60.36666667	0.362738515
  60.4	1.299639834
  60.43333333	-0.344099257
  60.46666667	-1.318078779
  60.5	0.652031557
  60.53333333	-0.009721915
  60.56666667	0.338443126
  60.6	0.593943038
  60.63333333	-0.634234647
  60.66666667	-1.967126259
  60.7	0.694247024
  60.73333333	-0.155317757
  60.76666667	-2.021457785
  60.8	1.155392819
  60.83333333	0.166902419
  60.86666667	0.722486723
  60.9	-0.603047992
  60.93333333	0.802968303
  60.96666667	-0.336383078
  61	0.459386278
  61.03333333	1.125579048
  61.06666667	-1.029252117
  61.1	0.004586251
  61.13333333	1.142018882
  61.16666667	1.24877678
  61.2	-0.777222702
  61.23333333	1.198907413
  61.26666667	-0.089521089
  61.3	-0.380273427
  61.33333333	-0.475253623
  61.36666667	0.188181826
  61.4	-1.07805468
  61.43333333	1.363209156
  61.46666667	-0.634680553
  61.5	-0.188352272
  61.53333333	-2.064892274
  61.56666667	-0.573090965
  61.6	-0.605803713
  61.63333333	-2.2192685
  61.66666667	-0.631411983
  61.7	1.16566187
  61.73333333	-0.275784659
  61.76666667	0.743811419
  61.8	-1.553176194
  61.83333333	-0.676210401
  61.86666667	0.785526653
  61.9	-0.332985856
  61.93333333	-0.289735575
  61.96666667	-0.977765979
  62	-0.101971199
  62.03333333	0.836165468
  62.06666667	0.425247337
  62.1	0.097320207
  62.13333333	-0.227356856
  62.16666667	-0.451199935
  62.2	-0.889169042
  62.23333333	0.779388289
  62.26666667	1.872539364
  62.3	-1.175804718
  62.33333333	-0.993983169
  62.36666667	-1.585698974
  62.4	-0.541129412
  62.43333333	0.370437517
  62.46666667	1.017368111
  62.5	2.257831917
  62.53333333	0.478287987
  62.56666667	0.005255288
  62.6	1.402359638
  62.63333333	0.075649055
  62.66666667	0.986745723
  62.7	-0.545611065
  62.73333333	0.753981775
  62.76666667	-0.730686692
  62.8	1.348405634
  62.83333333	0.249279711
  62.86666667	-1.416383927
  62.9	0.900341278
  62.93333333	0.427812603
  62.96666667	1.537890771
  63	-1.422412278
  63.03333333	0.070377521
  63.06666667	-1.029709075
  63.1	0.078845951
  63.13333333	1.609725437
  63.16666667	-1.309098446
  63.2	-0.713544616
  63.23333333	2.947433039
  63.26666667	-0.079205087
  63.3	1.275235569
  63.33333333	0.534076207
  63.36666667	-0.563456652
  63.4	-1.144792197
  63.43333333	0.697329031
  63.46666667	0.612167293
  63.5	-0.280937839
  63.53333333	1.060162101
  63.56666667	-1.965119921
  63.6	1.747537856
  63.63333333	-0.036035773
  63.66666667	-1.338206216
  63.7	-0.872871338
  63.73333333	-0.05506441
  63.76666667	-1.884502486
  63.8	1.431364518
  63.83333333	-0.869282043
  63.86666667	-0.216640977
  63.9	0.589279727
  63.93333333	0.002371664
  63.96666667	-0.703899866
  64	-1.852358548
  64.03333333	1.72795684
  64.06666667	-1.402968077
  64.1	-1.038555944
  64.13333333	0.338062056
  64.16666667	-0.420097041
  64.2	-1.101569589
  64.23333333	-1.648175262
  64.26666667	1.234679147
  64.3	0.746399588
  64.33333333	2.003030466
  64.36666667	0.268603988
  64.4	0.836204889
  64.43333333	-1.633864938
  64.46666667	2.230913643
  64.5	1.223402429
  64.53333333	-2.147828173
  64.56666667	1.907604775
  64.6	0.714168477
  64.63333333	-0.28340803
  64.66666667	0.239116729
  64.7	-0.686200432
  64.73333333	1.991540595
  64.76666667	-2.592774448
  64.8	-1.431039438
  64.83333333	-0.37277159
  64.86666667	0.490898039
  64.9	0.946337289
  64.93333333	-0.284273753
  64.96666667	-1.768500042
  65	-0.655265084
  65.03333333	0.191834076
  65.06666667	2.029115974
  65.1	1.567061305
  65.13333333	-0.124881131
  65.16666667	-1.437381174
  65.2	1.278355583
  65.23333333	1.706811994
  65.26666667	-0.615555087
  65.3	0.739181768
  65.33333333	-1.400171681
  65.36666667	1.522923355
  65.4	-0.412322172
  65.43333333	0.437558888
  65.46666667	-0.771910355
  65.5	-0.845121582
  65.53333333	1.750674869
  65.56666667	0.305888692
  65.6	0.044161526
  65.63333333	1.124385089
  65.66666667	0.959770258
  65.7	0.955164629
  65.73333333	1.29183145
  65.76666667	1.18432815
  65.8	1.223997091
  65.83333333	1.082624959
  65.86666667	1.212962312
  65.9	-0.251762109
  65.93333333	0.86696973
  65.96666667	0.205863609
  66	0.92019076
  66.03333333	-1.442961021
  66.06666667	0.822459524
  66.1	0.663314544
  66.13333333	1.424803596
  66.16666667	0.736913967
  66.2	1.256480319
  66.23333333	0.603453456
  66.26666667	0.947058272
  66.3	-0.829598225
  66.33333333	0.751917815
  66.36666667	0.241586249
  66.4	-0.39836719
  66.43333333	-0.884643121
  66.46666667	-0.343144083
  66.5	0.317584457
  66.53333333	-0.623334357
  66.56666667	0.718657743
  66.6	0.204423721
  66.63333333	-1.599386201
  66.66666667	-0.010261625
  66.7	0.092147371
  66.73333333	0.198351784
  66.76666667	1.137241832
  66.8	-0.318836134
  66.83333333	2.166007083
  66.86666667	-0.378190503
  66.9	-1.240139392
  66.93333333	-1.396980811
  66.96666667	-0.733270271
  67	0.85902644
  67.03333333	1.263913022
  67.06666667	0.67518324
  67.1	-1.248072963
  67.13333333	-0.661255459
  67.16666667	-1.478232153
  67.2	0.057192349
  67.23333333	0.470165643
  67.26666667	0.575188126
  67.3	0.031989777
  67.33333333	-0.158093056
  67.36666667	2.254049885
  67.4	-0.089041564
  67.43333333	-1.524256727
  67.46666667	0.520527741
  67.5	0.757710904
  67.53333333	0.554168218
  67.56666667	-0.310783224
  67.6	1.658726914
  67.63333333	0.830049146
  67.66666667	-0.976127214
  67.7	0.401554806
  67.73333333	0.03940078
  67.76666667	0.923970716
  67.8	0.882729436
  67.83333333	1.185599528
  67.86666667	-0.781882539
  67.9	-0.583370468
  67.93333333	-2.033909408
  67.96666667	-2.752932424
  68	-0.863715383
  68.03333333	-0.433745042
  68.06666667	-0.948549255
  68.1	-0.799039693
  68.13333333	-0.13748182
  68.16666667	-0.182110057
  68.2	-0.459359812
  68.23333333	-1.757508297
  68.26666667	-0.32520166
  68.3	-1.037060256
  68.33333333	0.179570777
  68.36666667	-1.090333814
  68.4	-1.276576554
  68.43333333	-1.06510188
  68.46666667	-0.645452194
  68.5	-0.45847489
  68.53333333	2.578744063
  68.56666667	0.062940194
  68.6	0.403598861
  68.63333333	-0.61281045
  68.66666667	-1.090362813
  68.7	0.458056666
  68.73333333	-1.182245808
  68.76666667	1.54165683
  68.8	-0.92627461
  68.83333333	0.82095478
  68.86666667	-0.616447175
  68.9	-0.651362366
  68.93333333	-0.829732512
  68.96666667	-1.693038147
  69	0.102081831
  69.03333333	-0.339989554
  69.06666667	-0.085611182
  69.1	-0.809050202
  69.13333333	0.356736419
  69.16666667	0.799901503
  69.2	-0.166254614
  69.23333333	-0.09555005
  69.26666667	-0.056978604
  69.3	-0.747260096
  69.33333333	-0.339683447
  69.36666667	-0.295698548
  69.4	-1.519521513
  69.43333333	-0.605153954
  69.46666667	-1.114570201
  69.5	0.801300041
  69.53333333	0.609486011
  69.56666667	-0.244523953
  69.6	1.15856166
  69.63333333	-0.337571377
  69.66666667	0.863688613
  69.7	-2.098565432
  69.73333333	1.298372548
  69.76666667	0.501983094
  69.8	-2.335522746
  69.83333333	-0.363626343
  69.86666667	1.534449897
  69.9	1.182574757
  69.93333333	-0.930277422
  69.96666667	1.759228559
  70	0.514895053
  